0.0318 0.0822 0.045 0.0005
0.0614 0.1023 0.0353 0.0005
0.0273 0.0806 0.0456 0.0108
0.0527 0.0895 0.0531 0.0006
0.0792 0.1619 0.0294 0.0006
0.0327 0.0895 0.0359 0.0005
0.0712 0.0828 0.03 0.0005
0.0631 0.0785 0.0299 0.0005
0.0621 0.1111 0.0406 0.0006
0.0283 0.1104 0.0475 0.0006
0.0448 0.0863 0.0287 0.0005
0.0495 0.1056 0.0291 0.0006
0.0325 0.0862 0.0275 0.0006
0.0582 0.0839 0.0256 0.0006
0.0263 0.0834 0.0344 0.0006
0.0695 0.0959 0.0432 0.0006
0.0355 0.0794 0.0347 0.0006
0.0354 0.0866 0.0422 0.0006
0.0287 0.0885 0.0302 0.0006
0.053 0.1081 0.0317 0.0006
0.0556 0.0849 0.0384 0.0005
0.0582 0.0826 0.0365 0.0005
0.0461 0.0789 0.0319 0.0006
0.0525 0.0846 0.0302 0.0005
0.061 0.0791 0.0334 0.0027
0.0516 0.0873 0.0591 0.0005
0.0436 0.0794 0.0534 0.0006
0.0295 0.0954 0.0306 0.0006
0.0523 0.1115 0.0328 0.0006
0.0294 0.0905 0.0324 0.0088
0.0526 0.0951 0.0306 0.0006
0.0716 0.0803 0.0493 0.0006
0.0506 0.0931 0.0403 0.0005
0.0457 0.0802 0.0267 0.0006
0.0406 0.0827 0.0319 0.0005
0.0505 0.0876 0.0315 0.0006
0.0685 0.0802 0.0392 0.0006
0.047 0.1054 0.0372 0.0005
0.0568 0.0996 0.0472 0.0006
0.0416 0.0906 0.0341 0.0006
0.0488 0.089 0.0319 0.0006
0.0655 0.1216 0.0296 0.0006
0.0352 0.1151 0.0347 0.0006
0.0492 0.0916 0.0391 0.0008
0.0488 0.118 0.0603 0.0011
0.0376 0.0862 0.0434 0.0005
0.0596 0.1369 0.0447 0.0005
0.0271 0.0974 0.069 0.0249
0.0624 0.0936 0.0569 0.0005
0.0464 0.0945 0.0486 0.0005
0.0311 0.1024 0.0265 0.0006
0.0849 0.0862 0.0318 0.0008
0.0369 0.1011 0.0326 0.0008
0.0383 0.1132 0.0587 0.0006
0.0356 0.1018 0.0311 0.0005
0.0615 0.0888 0.0309 0.0006
0.0642 0.0934 0.0526 0.0007
0.0534 0.1011 0.0517 0.0006
0.0316 0.1177 0.0482 0.0005
0.0417 0.0871 0.0308 0.0006
0.0279 0.0912 0.0378 0.0006
0.0504 0.0889 0.025 0.0006
0.0591 0.0874 0.0292 0.0005
0.0444 0.0861 0.0331 0.0006
0.073 0.0879 0.0514 0.0006
0.0501 0.0825 0.0342 0.0017
0.057 0.1084 0.0312 0.0006
0.0261 0.0791 0.0479 0.0006
0.0534 0.0945 0.0286 0.0005
0.0366 0.1112 0.0475 0.0006
0.0412 0.1054 0.0437 0.0005
0.0503 0.112 0.0379 0.0006
0.062 0.0953 0.0324 0.0006
0.0455 0.0856 0.0313 0.0006
0.0266 0.0874 0.0434 0.0006
0.0593 0.0973 0.0385 0.0005
0.0496 0.0998 0.0276 0.0006
0.0505 0.0978 0.042 0.0005
0.0554 0.091 0.0353 0.0006
0.0287 0.0957 0.0255 0.0103
0.0554 0.1219 0.0407 0.0006
0.0315 0.0944 0.0363 0.0005
0.0523 0.1219 0.0435 0.0013
0.0309 0.1088 0.0707 0.0006
0.0272 0.1029 0.0282 0.0005
0.0424 0.0955 0.0508 0.0007
0.0526 0.0955 0.0413 0.0006
0.0279 0.0844 0.03 0.0006
0.0459 0.1246 0.0491 0.0006
0.0302 0.0873 0.0294 0.0007
0.0482 0.1075 0.0359 0.0006
0.0463 0.0966 0.0373 0.0006
0.0362 0.114 0.0401 0.0006
0.0345 0.0821 0.0345 0.0005
0.0446 0.0782 0.0359 0.0006
0.0623 0.1029 0.0255 0.0009
0.0383 0.1051 0.0822 0.0005
0.0343 0.1222 0.0372 0.0006
0.0363 0.0977 0.0317 0.0006
0.0468 0.0803 0.0384 0.0005
0.0311 0.0927 0.029 0.0006
0.0952 0.1081 0.0374 0.0005
0.0394 0.1473 0.0459 0.0005
0.0415 0.1008 0.0288 0.0006
0.0421 0.0805 0.0335 0.0012
0.044 0.0801 0.0296 0.0005
0.0652 0.0946 0.0562 0.0061
0.0266 0.0852 0.0394 0.0005
0.0578 0.0873 0.0293 0.0006
0.0408 0.1568 0.0318 0.0006
0.0341 0.1252 0.0366 0.0006
0.0383 0.0886 0.0298 0.0007
0.0537 0.0872 0.0387 0.0005
0.059 0.1067 0.0546 0.0006
0.0444 0.1076 0.0308 0.0006
0.0432 0.0928 0.0418 0.0006
0.052 0.0882 0.0286 0.0006
0.0599 0.0953 0.0374 0.0006
0.0554 0.0924 0.0315 0.0005
0.0272 0.095 0.0289 0.0016
0.0592 0.1098 0.0398 0.0006
0.0431 0.0842 0.0463 0.0005
0.071 0.1206 0.0776 0.0006
0.0332 0.0873 0.0337 0.0011
0.0708 0.1404 0.0355 0.0006
0.0281 0.158 0.0468 0.0006
0.0365 0.1326 0.051 0.0006
0.036 0.1044 0.0389 0.0092
0.0518 0.1218 0.0564 0.0006
0.0441 0.0911 0.0418 0.0006
0.0461 0.0813 0.0514 0.0006
0.0656 0.0934 0.0308 0.0006
0.0547 0.1065 0.0487 0.0005
0.0415 0.0897 0.0373 0.0006
0.0464 0.1017 0.0525 0.0007
0.0514 0.0963 0.0373 0.001
0.0614 0.0814 0.0361 0.0005
0.0587 0.0914 0.0357 0.0006
0.0507 0.0842 0.0375 0.0006
0.0468 0.0988 0.0374 0.0005
0.04 0.0815 0.0404 0.0006
0.0626 0.1163 0.0671 0.0006
0.0342 0.0817 0.0385 0.0007
0.0687 0.1037 0.036 0.0006
0.0539 0.1079 0.0434 0.0005
0.0526 0.1282 0.0389 0.0006
0.0356 0.0925 0.0444 0.0006
0.0478 0.1199 0.0504 0.0006
0.035 0.0999 0.0347 0.0006
0.0615 0.0861 0.0307 0.0091
0.0439 0.1195 0.03 0.0158
0.0309 0.1003 0.0337 0.0006
0.0589 0.1114 0.0301 0.0006
0.0419 0.1026 0.0732 0.023
0.0316 0.0862 0.0281 0.0005
0.0461 0.0812 0.0507 0.001
0.0499 0.0808 0.0263 0.0006
0.0363 0.0819 0.032 0.0006
0.0568 0.0772 0.0295 0.0016
0.0443 0.1539 0.0447 0.0005
0.0278 0.088 0.1067 0.0006
0.0282 0.0871 0.0285 0.0006
0.038 0.1227 0.0434 0.0006
0.0242 0.0829 0.0294 0.0006
0.0399 0.0958 0.0336 0.0007
0.0265 0.0966 0.0339 0.0006
0.0347 0.0951 0.0277 0.0007
0.0304 0.097 0.0278 0.0006
0.05 0.0944 0.0376 0.0006
0.0474 0.0842 0.0492 0.0008
0.0599 0.0929 0.0354 0.0006
0.0354 0.0825 0.0312 0.0011
0.0546 0.1091 0.0253 0.0006
0.0527 0.079 0.0326 0.0006
0.0539 0.1073 0.036 0.0006
0.045 0.0814 0.032 0.0007
0.0557 0.1861 0.029 0.0006
0.0302 0.0895 0.0369 0.0005
0.0741 0.1093 0.0405 0.0006
0.0296 0.0795 0.0327 0.0036
0.0601 0.1069 0.0475 0.0006
0.035 0.0825 0.0445 0.0006
0.0701 0.0926 0.0384 0.0005
0.0311 0.0946 0.0415 0.0006
0.0294 0.0856 0.0354 0.0006
0.0601 0.1431 0.0526 0.0007
0.0303 0.1148 0.0496 0.0006
0.035 0.1205 0.0302 0.0006
0.0252 0.0813 0.0419 0.0126
0.0698 0.1212 0.0537 0.0011
0.0332 0.1496 0.0296 0.0006
0.0256 0.0794 0.0441 0.0005
0.0565 0.0843 0.0277 0.0006
0.0259 0.0821 0.0452 0.0006
0.0405 0.1039 0.0359 0.0006
0.0477 0.2099 0.0266 0.0006
0.0244 0.0806 0.0375 0.0006
0.0498 0.0967 0.0293 0.0006
0.0477 0.11 0.0409 0.0006
0.0591 0.0963 0.078 0.002
0.0243 0.0831 0.0389 0.0018
0.0363 0.1085 0.0383 0.0006
0.0466 0.0941 0.0379 0.0006
0.0372 0.0797 0.0292 0.0005
0.0611 0.0842 0.0389 0.0006
0.0496 0.0896 0.0463 0.0007
0.0383 0.0938 0.0296 0.0006
0.0552 0.1059 0.0345 0.0006
0.0428 0.0829 0.0452 0.0007
0.0334 0.1186 0.0488 0.0038
0.0353 0.0805 0.0376 0.0006
0.0714 0.155 0.0365 0.0006
0.0234 0.0913 0.0623 0.0006
0.0331 0.0843 0.0293 0.0005
0.0676 0.1209 0.0631 0.0006
0.0305 0.0783 0.0261 0.0008
0.0654 0.0851 0.0294 0.0005
0.0322 0.1109 0.039 0.0006
0.026 0.0845 0.0262 0.0006
0.033 0.0864 0.0289 0.0006
0.0649 0.0946 0.0404 0.0005
0.0705 0.1161 0.0453 0.0007
0.0241 0.0919 0.0336 0.0006
0.073 0.0993 0.0549 0.0006
0.036 0.1688 0.0351 0.0006
0.0345 0.0894 0.0334 0.0005
0.0559 0.1133 0.0451 0.0006
0.0247 0.0921 0.035 0.0006
0.0538 0.1048 0.0313 0.0015
0.0324 0.1145 0.0806 0.0018
0.0341 0.1231 0.0292 0.0005
0.0475 0.1111 0.0422 0.0005
0.0549 0.0818 0.0389 0.0006
0.059 0.1384 0.0446 0.007
0.0353 0.0824 0.0354 0.0005
0.0532 0.2141 0.0265 0.0006
0.0238 0.0785 0.0256 0.0006
0.0503 0.1091 0.0407 0.0006
0.0452 0.0823 0.0266 0.0114
0.0468 0.1091 0.064 0.0006
0.0326 0.0929 0.0558 0.0005
0.0344 0.1211 0.0564 0.0006
0.0437 0.1374 0.0385 0.0006
0.029 0.1009 0.0285 0.0006
0.0529 0.1014 0.0525 0.0007
0.0552 0.0787 0.0293 0.0006
0.0442 0.0887 0.0273 0.0005
0.0367 0.0815 0.0443 0.0006
0.0375 0.0838 0.035 0.0006
0.0398 0.0834 0.0384 0.0006
0.0566 0.0858 0.0578 0.0005
0.0659 0.1 0.0357 0.0006
0.0482 0.0799 0.0415 0.0006
0.0547 0.1048 0.0354 0.0006
0.0481 0.0869 0.0377 0.0005
0.0303 0.0894 0.0376 0.0006
0.0276 0.0818 0.0276 0.0005
0.0507 0.093 0.0552 0.0007
0.0549 0.0931 0.0383 0.0006
0.0387 0.1354 0.0276 0.0091
0.0276 0.093 0.0402 0.0006
0.0651 0.1069 0.0656 0.0005
0.0466 0.1482 0.0288 0.0008
0.0295 0.0867 0.0377 0.0006
0.0372 0.1114 0.0364 0.0006
0.0438 0.1012 0.0465 0.0006
0.0501 0.0822 0.0373 0.0007
0.0598 0.1109 0.0746 0.0007
0.0437 0.0963 0.0885 0.0006
0.0313 0.1097 0.0355 0.0006
0.0615 0.1038 0.049 0.0021
0.0384 0.0763 0.0383 0.0006
0.0569 0.0908 0.0387 0.0005
0.056 0.1269 0.068 0.0006
0.0422 0.0793 0.0353 0.0006
0.0476 0.0851 0.0318 0.0005
0.0443 0.0823 0.0308 0.0016
0.0601 0.1141 0.0437 0.0006
0.0347 0.0878 0.0321 0.0005
0.0286 0.1063 0.0376 0.0011
0.0319 0.0913 0.0524 0.0005
0.0564 0.0977 0.0356 0.0006
0.059 0.089 0.0384 0.0007
0.0467 0.0925 0.0454 0.0005
0.0298 0.0859 0.0331 0.0006
0.0308 0.088 0.0258 0.0108
0.0725 0.0904 0.0556 0.0007
0.0401 0.0811 0.0305 0.001
0.0529 0.0862 0.0446 0.0006
0.0359 0.1227 0.0286 0.0006
0.0281 0.0803 0.0338 0.0005
0.0563 0.1269 0.0329 0.0006
0.0328 0.1082 0.0397 0.0006
0.0339 0.117 0.0607 0.002
0.0367 0.0887 0.0281 0.0214
0.0526 0.0907 0.0332 0.0081
0.0618 0.0832 0.0375 0.0006
0.0268 0.0821 0.0428 0.0006
0.0624 0.0996 0.0412 0.0006
0.045 0.0859 0.0246 0.0006
0.048 0.0836 0.0326 0.0006
0.0561 0.0847 0.0466 0.0005
0.0357 0.0821 0.0448 0.0005
0.0568 0.1409 0.0347 0.0005
0.0284 0.0816 0.0662 0.0006
0.0398 0.163 0.0405 0.0006
0.0348 0.0952 0.0339 0.0235
0.0535 0.1157 0.0277 0.0006
0.0324 0.1032 0.0615 0.0006
0.033 0.1204 0.0361 0.0006
0.0254 0.0913 0.0317 0.0006
0.0506 0.1052 0.092 0.0005
0.0325 0.1056 0.0355 0.0006
0.0305 0.0857 0.038 0.0006
0.0569 0.1161 0.0417 0.0006
0.0296 0.0784 0.0394 0.0009
0.0856 0.09 0.036 0.0006
0.0328 0.0873 0.0628 0.0006
0.0688 0.0824 0.036 0.0006
0.0363 0.1192 0.0478 0.0006
0.0363 0.0922 0.0879 0.0008
0.0298 0.0924 0.0582 0.0006
0.0411 0.0829 0.0533 0.0006
0.0452 0.1136 0.0302 0.0017
0.0415 0.1077 0.043 0.0006
0.0599 0.0954 0.0345 0.0006
0.0479 0.108 0.0576 0.0006
0.025 0.0902 0.0353 0.0006
0.0579 0.1267 0.0416 0.0006
0.0363 0.0773 0.0245 0.0005
0.0536 0.1042 0.0294 0.0006
0.0269 0.087 0.07 0.0005
0.0361 0.0841 0.0515 0.0005
0.0354 0.1148 0.0393 0.011
0.0388 0.0825 0.0325 0.0016
0.0348 0.0869 0.058 0.0006
0.0487 0.0836 0.0344 0.0005
0.0264 0.0953 0.0354 0.0006
0.0338 0.1035 0.0473 0.0006
0.0576 0.0897 0.0333 0.0006
0.0547 0.0777 0.0343 0.0005
0.0646 0.0933 0.0388 0.0011
0.0647 0.0865 0.0341 0.0006
0.0539 0.1033 0.0508 0.0006
0.0405 0.0773 0.0291 0.0005
0.04 0.0954 0.0445 0.0006
0.0517 0.0984 0.0333 0.0006
0.0611 0.0984 0.0354 0.0005
0.0451 0.0893 0.0361 0.0006
0.051 0.0839 0.0576 0.0069
0.0438 0.1008 0.0703 0.0006
0.0271 0.0902 0.0389 0.0006
0.0558 0.1053 0.0489 0.0007
0.0406 0.1047 0.0381 0.0006
0.0411 0.0791 0.0269 0.0006
0.0258 0.104 0.0465 0.0006
0.0517 0.0788 0.0461 0.0006
0.0266 0.0888 0.0325 0.0006
0.0723 0.0968 0.0419 0.0006
0.0637 0.0951 0.0577 0.0006
0.0286 0.0843 0.0365 0.0006
0.0608 0.1543 0.0379 0.0011
0.0331 0.0808 0.0391 0.0005
0.0664 0.1043 0.0522 0.0068
0.0386 0.107 0.0668 0.0006
0.0367 0.0891 0.0429 0.0006
0.0382 0.0894 0.0379 0.0018
0.0633 0.0826 0.0508 0.0163
0.0319 0.0834 0.0358 0.001
0.0531 0.0762 0.0566 0.0006
0.0397 0.103 0.0394 0.0006
0.0321 0.0857 0.0346 0.0006
0.0254 0.0879 0.0457 0.0006
0.0488 0.0824 0.0426 0.0006
0.0327 0.0893 0.0358 0.0006
0.0334 0.0875 0.0395 0.0006
0.0546 0.0913 0.0532 0.0006
0.0415 0.0807 0.0329 0.0087
0.0637 0.0975 0.0337 0.0005
0.0555 0.0832 0.0537 0.0006
0.0269 0.0833 0.041 0.0006
0.071 0.1328 0.049 0.0006
0.0267 0.1029 0.0361 0.0007
0.0609 0.1344 0.046 0.0006
0.0333 0.1129 0.0375 0.0005
0.0562 0.1054 0.051 0.0006
0.0352 0.1019 0.0432 0.0006
0.0562 0.0922 0.0394 0.0005
0.0426 0.0843 0.039 0.0005
0.0336 0.1013 0.0571 0.0018
0.0488 0.0958 0.0441 0.0006
0.0546 0.1179 0.0387 0.0006
0.0363 0.101 0.0474 0.0005
0.0484 0.0889 0.041 0.0006
0.0364 0.0955 0.0449 0.0006
0.0452 0.098 0.0562 0.0006
0.0548 0.1062 0.0311 0.0016
0.0424 0.1269 0.0491 0.0042
0.0239 0.0894 0.0376 0.0005
0.0567 0.1085 0.0561 0.0005
0.0394 0.1056 0.0871 0.0005
0.0331 0.1118 0.0624 0.0005
0.0328 0.0818 0.0342 0.0043
0.0645 0.1107 0.0794 0.0005
0.0318 0.1258 0.0348 0.0006
0.0599 0.1133 0.058 0.0006
0.0432 0.1045 0.0402 0.0089
0.0388 0.1114 0.0462 0.0005
0.0369 0.0965 0.0278 0.0005
0.0616 0.1086 0.0331 0.0007
0.05 0.1114 0.0541 0.0006
0.0453 0.1021 0.0413 0.0005
0.0402 0.0887 0.0284 0.0006
0.0248 0.0873 0.0283 0.0005
0.0265 0.0941 0.0492 0.0006
0.0565 0.0921 0.0373 0.0006
0.0511 0.1027 0.0541 0.0006
0.0248 0.0874 0.0384 0.0005
0.0478 0.1449 0.0555 0.0007
0.0313 0.0786 0.0733 0.0006
0.0291 0.0805 0.0357 0.0005
0.0506 0.1114 0.0399 0.0066
0.0267 0.0969 0.0283 0.0006
0.027 0.0839 0.0501 0.0005
0.0418 0.0845 0.0319 0.0006
0.0591 0.0989 0.0531 0.0006
0.0335 0.0818 0.0304 0.0005
0.0255 0.0859 0.0302 0.0005
0.0384 0.0911 0.0376 0.0006
0.0641 0.0823 0.0343 0.0011
0.0347 0.0814 0.0526 0.0005
0.0322 0.1227 0.0421 0.0007
0.0331 0.0879 0.0434 0.0006
0.0328 0.0874 0.0339 0.0006
0.0515 0.116 0.033 0.0119
0.0296 0.0873 0.0302 0.0005
0.0558 0.08 0.0506 0.0006
0.0536 0.1149 0.0551 0.0015
0.0226 0.0802 0.0285 0.0007
0.0343 0.0874 0.0618 0.0006
0.0397 0.0786 0.0373 0.0006
0.0658 0.0913 0.0407 0.0006
0.0539 0.0889 0.0362 0.0006
0.0656 0.0993 0.0301 0.0006
0.0723 0.0998 0.0289 0.0006
0.0287 0.0889 0.0327 0.0006
0.0447 0.079 0.0299 0.0115
0.0511 0.1004 0.0622 0.0013
0.0398 0.087 0.04 0.0006
0.0642 0.1098 0.0393 0.0005
0.059 0.0789 0.0441 0.0006
0.0438 0.0828 0.0321 0.0132
0.0504 0.0982 0.0337 0.0005
0.0497 0.0999 0.0307 0.0007
0.0262 0.0814 0.0509 0.0006
0.0441 0.088 0.0397 0.0007
0.0334 0.0811 0.0329 0.0006
0.0339 0.0807 0.0578 0.0005
0.0276 0.0847 0.0338 0.0005
0.0719 0.1334 0.0368 0.0006
0.0463 0.0785 0.0322 0.0005
0.0533 0.0972 0.0504 0.0006
0.0553 0.0832 0.0363 0.0006
0.0282 0.0845 0.0372 0.0007
0.0583 0.1578 0.0475 0.0007
0.0341 0.0802 0.0379 0.0017
0.0656 0.1097 0.0363 0.0006
0.0395 0.0812 0.0339 0.0006
0.0518 0.0827 0.0383 0.0007
0.052 0.0962 0.0356 0.0005
0.0444 0.1136 0.0392 0.0006
0.0379 0.0903 0.0272 0.011
0.029 0.0954 0.0428 0.0006
0.0493 0.0891 0.0378 0.0006
0.0531 0.0922 0.042 0.0063
0.0513 0.096 0.0313 0.0012
0.032 0.1007 0.0447 0.0006
0.0358 0.1384 0.0393 0.0005
0.0328 0.081 0.0305 0.0005
0.0365 0.0779 0.0316 0.0006
0.0341 0.1442 0.053 0.0006
0.0298 0.0801 0.0316 0.0005
0.035 0.0928 0.0418 0.0005
0.0316 0.0853 0.0425 0.0006
0.0398 0.0786 0.0334 0.0005
0.046 0.1091 0.0625 0.0008
0.026 0.0805 0.0403 0.0006
0.0561 0.0822 0.0271 0.0006
0.0502 0.1103 0.0428 0.0006
0.0566 0.0834 0.0334 0.0008
0.0545 0.0832 0.0315 0.0006
0.0522 0.0817 0.0347 0.0006
0.027 0.0852 0.0295 0.0005
0.0335 0.1142 0.0352 0.0005
0.0488 0.1008 0.0381 0.0005
0.0557 0.0795 0.0596 0.0006
0.0714 0.0815 0.0332 0.0007
0.0352 0.091 0.0416 0.0006
0.0557 0.0831 0.0381 0.0015
0.0634 0.1423 0.0483 0.0006
0.0244 0.0783 0.0314 0.0006
0.0476 0.0806 0.0352 0.0006
0.0502 0.0979 0.0496 0.0006
0.0357 0.1122 0.0458 0.0006
0.0327 0.0769 0.0381 0.0006
0.0515 0.0987 0.0364 0.0006
0.0557 0.0946 0.0408 0.0006
0.0643 0.0952 0.0307 0.0016
0.0426 0.0918 0.0451 0.0005
0.045 0.0789 0.0459 0.0006
0.0581 0.08 0.0306 0.0006
0.0572 0.1089 0.0484 0.0005
0.0321 0.0804 0.0389 0.0007
0.0327 0.0847 0.0357 0.0006
0.0516 0.1017 0.0455 0.0006
0.0445 0.0854 0.0275 0.0017
0.0452 0.1004 0.0323 0.0006
0.0344 0.0925 0.0419 0.0006
0.0615 0.0897 0.0628 0.0006
0.0485 0.0798 0.0277 0.0118
0.0617 0.093 0.0356 0.0006
0.0507 0.0905 0.0298 0.0005
0.0599 0.1036 0.0332 0.0005
0.0338 0.1017 0.0608 0.0006
0.035 0.0766 0.0437 0.0006
0.0531 0.1278 0.0641 0.0007
0.0326 0.0791 0.0313 0.0005
0.0693 0.1272 0.0542 0.0007
0.0312 0.1138 0.0545 0.0007
0.0308 0.0816 0.0287 0.0014
0.0274 0.1144 0.0279 0.0005
0.0665 0.0896 0.0367 0.001
0.0454 0.0838 0.0391 0.0006
0.0603 0.1132 0.0386 0.0006
0.0255 0.0808 0.0379 0.0006
0.038 0.0843 0.0498 0.0006
0.0304 0.0896 0.0602 0.0005
0.0566 0.094 0.0336 0.0006
0.0486 0.103 0.0493 0.0005
0.0399 0.0794 0.0446 0.001
0.0363 0.0812 0.0374 0.0006
0.0719 0.0907 0.0666 0.0006
0.0393 0.0805 0.032 0.0014
0.0298 0.162 0.0369 0.0006
0.0246 0.0798 0.0336 0.0006
0.0545 0.0827 0.0462 0.0006
0.065 0.0899 0.0278 0.0005
0.0687 0.09 0.0398 0.0006
0.0408 0.0795 0.0346 0.0006
0.0397 0.1198 0.0417 0.0006
0.0323 0.0869 0.0371 0.0006
0.0712 0.0845 0.0325 0.0006
0.0529 0.0955 0.0347 0.0006
0.061 0.0938 0.0354 0.0006
0.0241 0.082 0.0354 0.0006
0.0476 0.0819 0.0309 0.0006
0.0538 0.1076 0.0481 0.0006
0.0464 0.0853 0.0365 0.0006
0.0361 0.0972 0.0299 0.0006
0.0594 0.0785 0.0302 0.0006
0.0654 0.0856 0.0377 0.0006
0.0544 0.1063 0.0336 0.0006
0.0271 0.0805 0.0323 0.0005
0.0262 0.0844 0.0555 0.0006
0.0504 0.0776 0.0431 0.0006
0.05 0.1049 0.0386 0.0006
0.0438 0.0896 0.0402 0.0006
0.049 0.0807 0.0345 0.0091
0.0285 0.0795 0.0312 0.0006
0.0636 0.0998 0.031 0.0005
0.0232 0.0791 0.0305 0.0006
0.0238 0.11 0.0358 0.0007
0.0498 0.0965 0.0413 0.0006
0.0284 0.1006 0.0574 0.0006
0.043 0.0807 0.0377 0.0006
0.0385 0.0845 0.0407 0.0008
0.0534 0.0856 0.0455 0.0006
0.0451 0.1218 0.0375 0.0005
0.0337 0.0801 0.0459 0.0016
0.0508 0.0958 0.0498 0.0006
0.0507 0.082 0.0362 0.0054
0.0486 0.1186 0.0364 0.0025
0.0461 0.0811 0.0447 0.0005
0.0355 0.0935 0.0423 0.0006
0.0295 0.085 0.057 0.001
0.045 0.084 0.0428 0.0006
0.0455 0.0876 0.0291 0.0006
0.0636 0.0943 0.0419 0.0005
0.0329 0.1089 0.0359 0.0006
0.0295 0.0802 0.0329 0.0005
0.0549 0.1391 0.0653 0.0007
0.024 0.0793 0.0265 0.0112
0.0294 0.1021 0.0431 0.0006
0.0489 0.0854 0.0538 0.0006
0.0487 0.0877 0.0319 0.0006
0.0679 0.0964 0.0366 0.0006
0.0686 0.1036 0.0932 0.0007
0.0248 0.1229 0.0354 0.0006
0.0334 0.0866 0.0393 0.0013
0.0594 0.0864 0.0409 0.0006
0.0303 0.0868 0.0419 0.0016
0.0352 0.0806 0.0345 0.0006
0.0532 0.1108 0.0352 0.0006
0.0527 0.1036 0.0301 0.0006
0.056 0.1126 0.0498 0.0007
0.0326 0.099 0.0366 0.0006
0.0506 0.0969 0.0457 0.0005
0.0655 0.0983 0.0352 0.0005
0.0288 0.0785 0.0357 0.0006
0.0447 0.0818 0.0355 0.0006
0.0746 0.0903 0.0419 0.0008
0.0349 0.095 0.0445 0.0006
0.0579 0.0808 0.0404 0.0006
0.073 0.1165 0.0281 0.0007
0.0293 0.0881 0.0318 0.0005
0.0582 0.0838 0.0339 0.0005
0.0274 0.0871 0.0438 0.0006
0.0295 0.0936 0.0285 0.0006
0.0414 0.0785 0.0404 0.0006
0.0979 0.0884 0.0309 0.0006
0.0468 0.0796 0.039 0.0007
0.0557 0.0861 0.0359 0.0006
0.0384 0.0815 0.0393 0.0006
0.0533 0.0899 0.0323 0.0008
0.0343 0.1052 0.0465 0.0005
0.0494 0.0865 0.0351 0.0006
0.0353 0.0821 0.0337 0.0006
0.0617 0.1033 0.0456 0.0006
0.031 0.0804 0.0294 0.0006
0.0579 0.1265 0.0287 0.0006
0.027 0.0818 0.0321 0.0006
0.0778 0.0876 0.0303 0.0006
0.0322 0.1222 0.0469 0.0006
0.0303 0.0801 0.0394 0.004
0.0505 0.082 0.04 0.0006
0.0313 0.0908 0.0349 0.0017
0.0455 0.0994 0.0395 0.0006
0.0525 0.0795 0.0376 0.0006
0.0513 0.0832 0.0272 0.0006
0.0558 0.105 0.0449 0.0005
0.0279 0.1114 0.0431 0.0006
0.034 0.0837 0.0464 0.0006
0.041 0.0831 0.0442 0.0006
0.0432 0.0818 0.0397 0.0009
0.0329 0.0963 0.0333 0.0006
0.0468 0.083 0.0286 0.0005
0.0296 0.0843 0.0386 0.0006
0.0662 0.0872 0.0404 0.0005
0.0496 0.0907 0.0409 0.0007
0.0657 0.0823 0.028 0.0006
0.0542 0.1033 0.0459 0.0006
0.05 0.0794 0.0443 0.0006
0.0532 0.0786 0.0364 0.0006
0.0332 0.1081 0.0489 0.0006
0.0273 0.0927 0.0319 0.0018
0.0455 0.0829 0.04 0.0007
0.0542 0.0792 0.031 0.0006
0.0656 0.1018 0.0299 0.0005
0.0431 0.0891 0.0311 0.0006
0.049 0.0796 0.0422 0.0006
0.0483 0.1033 0.044 0.0006
0.0494 0.0893 0.033 0.0006
0.0468 0.0877 0.0267 0.0006
0.0243 0.1682 0.0381 0.0007
0.0254 0.081 0.0315 0.0016
0.0286 0.0936 0.047 0.016
0.0478 0.0818 0.0363 0.0006
0.0513 0.1029 0.0353 0.0007
0.0461 0.0809 0.0443 0.0006
0.0327 0.0918 0.0516 0.0056
0.0371 0.1155 0.0412 0.0007
0.043 0.096 0.0427 0.0006
0.03 0.1127 0.0357 0.0006
0.0516 0.0781 0.0393 0.0005
0.0446 0.0893 0.0591 0.0005
0.0409 0.0808 0.0407 0.0006
0.0489 0.0979 0.0467 0.0006
0.0409 0.1283 0.0333 0.0006
0.0246 0.0991 0.0363 0.0017
0.0483 0.1243 0.0381 0.0006
0.0402 0.0782 0.0272 0.0006
0.0307 0.1249 0.0376 0.0006
0.032 0.0917 0.0553 0.0006
0.0274 0.0809 0.0351 0.0006
0.0261 0.0864 0.056 0.0005
0.0276 0.1355 0.0326 0.0006
0.0424 0.0792 0.0352 0.0006
0.0777 0.0837 0.0376 0.0006
0.0275 0.0976 0.0509 0.0006
0.0481 0.092 0.0271 0.0006
0.0443 0.0836 0.0346 0.0006
0.0442 0.0907 0.0329 0.0006
0.0325 0.1013 0.0889 0.0005
0.0253 0.0838 0.0281 0.0007
0.0274 0.0837 0.0383 0.0006
0.0237 0.0856 0.0751 0.0006
0.0385 0.0798 0.0306 0.0006
0.0285 0.08 0.0267 0.0005
0.0328 0.0787 0.0291 0.0005
0.0739 0.0955 0.0403 0.0006
0.0382 0.0795 0.0543 0.0005
0.0615 0.08 0.0344 0.0006
0.061 0.0858 0.0379 0.0017
0.0506 0.0906 0.0356 0.0006
0.0252 0.0856 0.037 0.0006
0.0474 0.1059 0.0497 0.0006
0.0409 0.1198 0.0629 0.0006
0.0277 0.1004 0.0495 0.0005
0.0354 0.0867 0.0295 0.0005
0.0627 0.0886 0.029 0.0006
0.0499 0.0867 0.0473 0.0006
0.0556 0.0848 0.0286 0.0012
0.0296 0.0862 0.0392 0.0006
0.0827 0.0773 0.0325 0.0005
0.0382 0.1119 0.046 0.0005
0.0309 0.0804 0.028 0.0006
0.0296 0.0946 0.032 0.0005
0.0575 0.0758 0.053 0.0006
0.0291 0.0907 0.057 0.0006
0.0242 0.0808 0.0437 0.0006
0.0267 0.1139 0.0503 0.0005
0.037 0.0792 0.0283 0.0013
0.0631 0.0821 0.0291 0.0005
0.0377 0.0965 0.0417 0.0006
0.029 0.1089 0.034 0.0005
0.0408 0.0783 0.04 0.0006
0.0648 0.099 0.0316 0.0006
0.0283 0.0904 0.038 0.0005
0.0479 0.1028 0.037 0.0006
0.0642 0.0927 0.0552 0.0006
0.0456 0.0802 0.0386 0.0011
0.0544 0.0986 0.0586 0.0006
0.0302 0.0883 0.0338 0.0006
0.0386 0.0879 0.0395 0.0006
0.0787 0.1039 0.0354 0.0006
0.0363 0.0791 0.0384 0.0006
0.0616 0.116 0.0369 0.0006
0.0464 0.0931 0.0327 0.0007
0.0293 0.1056 0.0369 0.0006
0.0348 0.0721 0.0344 0.0006
0.0271 0.0789 0.0494 0.0015
0.0289 0.0841 0.0278 0.0006
0.0373 0.0812 0.0296 0.0005
0.0434 0.0741 0.0295 0.0005
0.0331 0.0725 0.0271 0.0006
0.0318 0.0788 0.027 0.0007
0.0403 0.0828 0.0281 0.0005
0.0309 0.0936 0.0268 0.0007
0.0365 0.0786 0.0295 0.0006
0.0287 0.0745 0.0279 0.0006
0.036 0.0795 0.0298 0.0006
0.0359 0.0793 0.0256 0.0006
0.0433 0.0728 0.0266 0.0006
0.033 0.082 0.0484 0.0006
0.0269 0.0846 0.0278 0.0006
0.0365 0.0815 0.0274 0.0006
0.0473 0.0726 0.0274 0.0006
0.0509 0.0762 0.0265 0.0006
0.0302 0.0812 0.0262 0.0006
0.0372 0.082 0.0253 0.0006
0.0395 0.0898 0.0275 0.0006
0.0364 0.0795 0.035 0.0007
0.0283 0.0856 0.0266 0.0006
0.0323 0.0964 0.0251 0.0005
0.0454 0.0718 0.0291 0.0005
0.0311 0.0733 0.025 0.0006
0.0362 0.0757 0.0412 0.0007
0.0273 0.0735 0.1132 0.0006
0.0261 0.0842 0.0249 0.0097
0.0522 0.1092 0.0411 0.0008
0.0305 0.0757 0.1242 0.0006
0.0438 0.0965 0.0375 0.0005
0.0557 0.0832 0.0364 0.0006
0.0531 0.0928 0.0499 0.0005
0.0448 0.0892 0.0376 0.0006
0.0659 0.1414 0.0386 0.0006
0.0344 0.0809 0.0331 0.0006
0.0486 0.0816 0.0345 0.0005
0.0634 0.1144 0.0407 0.0006
0.0376 0.0841 0.0403 0.0006
0.028 0.0851 0.0451 0.0005
0.0353 0.1772 0.0425 0.0006
0.0339 0.0781 0.0358 0.0006
0.0807 0.0954 0.0284 0.0013
0.0278 0.0777 0.0415 0.0005
0.0548 0.1049 0.0506 0.0005
0.0426 0.0798 0.0478 0.0017
0.0321 0.0933 0.0264 0.001
0.0395 0.0756 0.0352 0.0006
0.0318 0.0831 0.045 0.0007
0.0332 0.0864 0.0266 0.0005
0.0405 0.0762 0.0335 0.0005
0.0293 0.0843 0.0345 0.0045
0.0323 0.0862 0.0278 0.0008
0.0507 0.0778 0.0284 0.0006
0.0367 0.0837 0.0433 0.0006
0.0322 0.0809 0.0248 0.0006
0.0313 0.0776 0.0364 0.0006
0.0326 0.0812 0.0266 0.0006
0.0271 0.0788 0.0266 0.0006
0.043 0.0753 0.0409 0.0005
0.0264 0.0926 0.0347 0.0005
0.0291 0.0814 0.0277 0.0006
0.0348 0.0783 0.0438 0.0005
0.0293 0.0846 0.0323 0.0013
0.0331 0.081 0.0283 0.0006
0.0378 0.0773 0.0432 0.0006
0.0317 0.0948 0.0262 0.0008
0.0341 0.0874 0.0269 0.0006
0.0382 0.0872 0.0409 0.0006
0.0254 0.0866 0.0272 0.0007
0.0479 0.0867 0.0285 0.0006
0.035 0.0836 0.0433 0.0006
0.0371 0.0871 0.0353 0.0006
0.0323 0.094 0.0276 0.0006
0.0435 0.0774 0.0258 0.0007
0.0356 0.0835 0.0465 0.0005
0.0255 0.0779 0.0249 0.0006
0.0261 0.0835 0.0238 0.0006
0.0263 0.0928 0.0287 0.0005
0.0697 0.0868 0.0473 0.0005
0.0582 0.0924 0.0692 0.0008
0.0336 0.0931 0.0407 0.001
0.0404 0.0789 0.0247 0.0006
0.0335 0.0945 0.0246 0.0006
0.0463 0.088 0.0326 0.0005
0.0739 0.0967 0.0325 0.0005
0.0325 0.0879 0.0429 0.0005
0.0296 0.0908 0.0471 0.0005
0.0419 0.114 0.0293 0.0006
0.0498 0.1055 0.0255 0.0005
0.0529 0.0967 0.0319 0.0006
0.0565 0.0839 0.0388 0.0006
0.0365 0.0924 0.0254 0.0084
0.0404 0.0913 0.0246 0.0005
0.0573 0.1075 0.0466 0.0006
0.0348 0.0795 0.0238 0.0017
0.07 0.1139 0.0424 0.0006
0.0466 0.0962 0.0499 0.0006
0.0459 0.0908 0.0233 0.0005
0.0254 0.0732 0.0268 0.0006
0.0293 0.0812 0.0232 0.0006
0.0397 0.0792 0.0395 0.0008
0.0353 0.0877 0.0223 0.0008
0.0359 0.1058 0.0231 0.001
0.0285 0.077 0.025 0.0014
0.0353 0.0785 0.0261 0.0112
0.027 0.0759 0.0287 0.0006
0.0295 0.0863 0.0228 0.0007
0.036 0.1248 0.0318 0.0112
0.0306 0.0829 0.0394 0.003
0.0389 0.0961 0.0342 0.0006
0.0257 0.0828 0.0492 0.0005
0.0528 0.0954 0.0347 0.0005
0.0571 0.0983 0.0512 0.0005
0.0508 0.1291 0.0274 0.0017
0.0374 0.0825 0.0285 0.0006
0.0322 0.0974 0.033 0.0005
0.0505 0.0848 0.0326 0.0006
0.0547 0.0775 0.0269 0.0009
0.0574 0.0903 0.0308 0.0006
0.0326 0.083 0.0452 0.0007
0.0645 0.0945 0.049 0.0005
0.0772 0.0825 0.0496 0.0006
0.0501 0.1102 0.0305 0.0006
0.046 0.0869 0.0441 0.0006
0.0316 0.1111 0.0322 0.0006
0.0247 0.0747 0.0275 0.0006
0.0479 0.121 0.0381 0.0005
0.0256 0.0866 0.0383 0.0013
0.0393 0.113 0.036 0.0005
0.0531 0.0874 0.0382 0.001
0.0339 0.097 0.0257 0.0185
0.0435 0.0897 0.0367 0.0006
0.0378 0.1083 0.031 0.0006
0.0476 0.1386 0.0342 0.0009
0.0348 0.0932 0.041 0.0005
0.0243 0.0886 0.0346 0.0005
0.0457 0.1081 0.0396 0.0021
0.0451 0.1018 0.0484 0.0006
0.0369 0.0856 0.0383 0.0005
0.059 0.0835 0.0289 0.0005
0.0282 0.0953 0.0297 0.0035
0.0292 0.0922 0.0409 0.0006
0.05 0.089 0.0422 0.0007
0.0758 0.1179 0.036 0.0006
0.0304 0.1062 0.0281 0.0006
0.0479 0.0888 0.0289 0.0006
0.049 0.1027 0.0427 0.0005
0.0341 0.0835 0.0349 0.0006
0.0425 0.08 0.0297 0.0005
0.0299 0.1251 0.0295 0.0005
0.0268 0.1045 0.0387 0.0005
0.0406 0.0979 0.0425 0.0005
0.0495 0.0949 0.0558 0.0007
0.0446 0.0865 0.055 0.0006
0.0402 0.0942 0.0446 0.0006
0.0575 0.0792 0.0241 0.0006
0.0625 0.106 0.0383 0.0005
0.0444 0.1017 0.0281 0.0048
0.0496 0.0852 0.0253 0.0008
0.0511 0.1099 0.0319 0.0015
0.0464 0.0772 0.0378 0.0006
0.0728 0.1092 0.0423 0.0006
0.0391 0.0793 0.0267 0.0006
0.0271 0.0891 0.0435 0.0006
0.033 0.1031 0.0267 0.0005
0.0272 0.1036 0.0297 0.0006
0.0494 0.1032 0.0404 0.0006
0.0278 0.0871 0.0302 0.0006
0.059 0.1043 0.0466 0.0006
0.0453 0.0849 0.0496 0.0006
0.0463 0.0884 0.0411 0.0005
0.0483 0.0903 0.0362 0.0009
0.0577 0.0935 0.0262 0.0045
0.0511 0.0864 0.0346 0.0009
0.0646 0.1073 0.0357 0.001
0.0371 0.1084 0.0419 0.001
0.03 0.0819 0.0372 0.001
0.0663 0.0977 0.0673 0.0011
0.0427 0.089 0.0301 0.0115
0.0578 0.1075 0.0556 0.0014
0.0339 0.0901 0.0251 0.0011
0.0316 0.0931 0.0259 0.0009
0.0298 0.0875 0.045 0.0009
0.0738 0.1146 0.0317 0.0018
0.0442 0.0926 0.0339 0.0013
0.0302 0.0875 0.046 0.0009
0.0282 0.1013 0.0517 0.0051
0.0612 0.1333 0.0384 0.0022
0.0362 0.0885 0.0372 0.0011
0.028 0.1028 0.0562 0.0103
0.0432 0.0886 0.0283 0.0066
0.0573 0.0957 0.034 0.001
0.0669 0.111 0.0475 0.0009
0.0589 0.0855 0.0272 0.0012
0.038 0.1095 0.0411 0.0015
0.0377 0.0889 0.0364 0.001
0.0386 0.0961 0.031 0.0027
0.0525 0.0914 0.0341 0.001
0.0277 0.1058 0.0429 0.014
0.0579 0.1195 0.0361 0.001
0.0385 0.1185 0.0398 0.0013
0.0329 0.0966 0.0489 0.0009
0.0513 0.1056 0.0293 0.0232
0.0399 0.0933 0.1031 0.0011
0.0349 0.108 0.0288 0.0034
0.0647 0.089 0.0362 0.0019
0.0605 0.1051 0.0293 0.0012
0.0633 0.1536 0.0267 0.0017
0.0255 0.0958 0.0414 0.0146
0.0509 0.0877 0.0782 0.0011
0.0299 0.0925 0.0404 0.001
0.0669 0.0921 0.0318 0.0035
0.06 0.0982 0.0353 0.0016
0.0382 0.0943 0.0351 0.0076
0.0486 0.0975 0.0352 0.0022
0.0507 0.1788 0.0415 0.0009
0.0328 0.0962 0.0648 0.0081
0.0343 0.0846 0.0261 0.0121
0.0525 0.1191 0.0334 0.0009
0.0475 0.0884 0.0246 0.0023
0.0668 0.1066 0.0315 0.0009
0.0471 0.095 0.0334 0.0017
0.0382 0.098 0.0357 0.0044
0.0537 0.0933 0.025 0.0058
0.0388 0.0915 0.0799 0.005
0.043 0.083 0.0319 0.0039
0.0523 0.0943 0.0344 0.001
0.034 0.0842 0.0331 0.001
0.0554 0.118 0.0299 0.001
0.0493 0.1056 0.0367 0.003
0.0396 0.0873 0.0344 0.0009
0.0509 0.0991 0.0432 0.0056
0.0467 0.1155 0.0474 0.0013
0.0392 0.0904 0.0345 0.0019
0.0498 0.0928 0.0262 0.0009
0.0509 0.1034 0.0259 0.001
0.0301 0.1234 0.0451 0.001
0.0437 0.1232 0.0437 0.0009
0.0385 0.0949 0.0457 0.0066
0.0388 0.0884 0.0327 0.0127
0.0533 0.091 0.0399 0.0134
0.0511 0.1126 0.0255 0.0009
0.0403 0.104 0.0273 0.001
0.0485 0.0934 0.0303 0.0009
0.0745 0.0971 0.0464 0.0011
0.0577 0.1085 0.0542 0.0009
0.0378 0.1204 0.0314 0.0009
0.0345 0.093 0.0326 0.0012
0.0599 0.114 0.0292 0.001
0.0463 0.1075 0.0449 0.0066
0.0436 0.0897 0.0326 0.0012
0.0424 0.0916 0.0316 0.0012
0.053 0.102 0.0282 0.0009
0.0571 0.1325 0.031 0.0009
0.0273 0.1062 0.0373 0.0015
0.0578 0.0966 0.0389 0.0011
0.0551 0.1132 0.0446 0.0009
0.0391 0.1 0.0285 0.0073
0.0544 0.0902 0.0511 0.0009
0.0462 0.1065 0.0421 0.005
0.0492 0.1246 0.028 0.0125
0.0426 0.0928 0.0399 0.0037
0.0325 0.1128 0.0466 0.0012
0.0409 0.0902 0.0439 0.0029
0.0523 0.0917 0.0423 0.0103
0.0512 0.0837 0.0307 0.0075
0.0669 0.1039 0.0409 0.0072
0.0385 0.0974 0.034 0.0018
0.0483 0.0903 0.0369 0.0009
0.0607 0.0935 0.0422 0.004
0.0585 0.1559 0.049 0.001
0.0346 0.0862 0.0366 0.0122
0.0614 0.1036 0.0378 0.0037
0.0491 0.1034 0.0373 0.0037
0.0364 0.0855 0.0336 0.0026
0.0639 0.0995 0.0292 0.0013
0.0268 0.0886 0.0366 0.0021
0.0435 0.0892 0.0328 0.0025
0.0508 0.0938 0.0353 0.001
0.0584 0.1091 0.0261 0.0009
0.0657 0.1061 0.0292 0.001
0.0419 0.0896 0.0338 0.003
0.0633 0.0813 0.0519 0.0009
0.0496 0.0949 0.0504 0.0153
0.0449 0.2054 0.0248 0.0011
0.0314 0.0978 0.0349 0.0009
0.0452 0.1121 0.0614 0.0022
0.0365 0.0971 0.0389 0.0021
0.0558 0.1229 0.0346 0.0013
0.0402 0.0904 0.0343 0.0011
0.0454 0.0948 0.0401 0.0013
0.0445 0.0895 0.0346 0.0035
0.0671 0.0894 0.052 0.0016
0.0428 0.099 0.0339 0.001
0.0693 0.1366 0.0459 0.001
0.035 0.1158 0.0265 0.0011
0.0474 0.0851 0.0433 0.0009
0.055 0.0872 0.0412 0.0085
0.0544 0.1079 0.0523 0.0009
0.041 0.0855 0.0463 0.001
0.0666 0.111 0.025 0.001
0.0503 0.0942 0.0359 0.001
0.0349 0.0967 0.0534 0.001
0.0583 0.1105 0.0462 0.0026
0.0498 0.1427 0.0378 0.0027
0.0301 0.135 0.0341 0.003
0.0431 0.1003 0.026 0.0021
0.0603 0.1098 0.036 0.0105
0.0436 0.097 0.0355 0.0021
0.046 0.1284 0.0451 0.001
0.0369 0.1318 0.0364 0.0009
0.0388 0.1143 0.0353 0.0044
0.0579 0.1016 0.0424 0.0017
0.0425 0.0875 0.0366 0.0219
0.0607 0.0959 0.035 0.0029
0.0595 0.0922 0.0246 0.001
0.0545 0.0911 0.0331 0.001
0.0418 0.1131 0.0438 0.0039
0.0371 0.0957 0.0396 0.0031
0.0434 0.1044 0.0499 0.0011
0.0489 0.0862 0.0308 0.001
0.0504 0.089 0.0277 0.001
0.0821 0.0975 0.0254 0.0011
0.0316 0.0958 0.0398 0.002
0.0375 0.1351 0.0326 0.0034
0.0364 0.0853 0.0356 0.0009
0.0463 0.0958 0.0377 0.003
0.0554 0.0939 0.03 0.001
0.0535 0.1015 0.0319 0.0009
0.0319 0.0864 0.0238 0.0089
0.0522 0.1011 0.0355 0.001
0.0564 0.0924 0.0281 0.0009
0.0516 0.0973 0.0277 0.0009
0.0575 0.1008 0.0258 0.0052
0.0548 0.0876 0.0427 0.001
0.0659 0.0928 0.0417 0.0013
0.0387 0.1195 0.0334 0.001
0.0263 0.0961 0.0361 0.0014
0.0585 0.0918 0.0366 0.001
0.0394 0.0969 0.0254 0.0064
0.0303 0.105 0.0375 0.002
0.0318 0.1202 0.0372 0.0045
0.0346 0.1024 0.0264 0.001
0.0575 0.0941 0.0343 0.0021
0.0637 0.0907 0.051 0.0011
0.0509 0.098 0.0366 0.0015
0.048 0.0921 0.0312 0.003
0.0704 0.1139 0.0235 0.0009
0.042 0.0912 0.0252 0.0092
0.0528 0.1185 0.04 0.001
0.0401 0.109 0.0413 0.001
0.0427 0.1042 0.0321 0.0013
0.0472 0.1096 0.0327 0.0018
0.0445 0.0946 0.0658 0.001
0.0508 0.1202 0.0295 0.0037
0.0536 0.0831 0.0285 0.0162
0.0389 0.1001 0.0434 0.0026
0.0487 0.0965 0.0264 0.0015
0.0738 0.0969 0.0227 0.0009
0.0625 0.1241 0.0375 0.0009
0.0417 0.0876 0.0422 0.0019
0.0446 0.0969 0.0419 0.0009
0.0494 0.0895 0.0287 0.0042
0.0602 0.1145 0.041 0.006
0.0456 0.1074 0.0303 0.0019
0.0495 0.0934 0.0273 0.0097
0.0564 0.0904 0.0328 0.0009
0.0691 0.0897 0.0412 0.0011
0.0499 0.0929 0.0426 0.0018
0.0507 0.0882 0.0249 0.0107
0.0565 0.1137 0.0264 0.001
0.0347 0.0912 0.0449 0.0023
0.0398 0.0921 0.0264 0.001
0.0497 0.111 0.0259 0.0012
0.053 0.0918 0.0276 0.001
0.0533 0.0846 0.0291 0.0092
0.0446 0.1149 0.0493 0.001
0.037 0.1109 0.0412 0.001
0.0483 0.0929 0.0344 0.001
0.0277 0.0932 0.024 0.001
0.0591 0.0905 0.0285 0.0011
0.0636 0.0922 0.0322 0.0017
0.0444 0.0881 0.0313 0.0009
0.0263 0.0964 0.0265 0.0134
0.0731 0.1239 0.0335 0.002
0.0511 0.0974 0.0291 0.001
0.0562 0.0961 0.0362 0.0033
0.0455 0.1143 0.0307 0.0028
0.0325 0.1097 0.0451 0.001
0.03 0.0973 0.0569 0.0037
0.0289 0.1444 0.0276 0.0089
0.0354 0.092 0.0234 0.0093
0.074 0.0946 0.0316 0.0052
0.063 0.0903 0.0245 0.001
0.0412 0.0992 0.0407 0.0031
0.0498 0.1135 0.0337 0.0011
0.0465 0.0927 0.0255 0.0019
0.0531 0.1099 0.023 0.001
0.0501 0.0934 0.0355 0.0021
0.0528 0.1014 0.0402 0.0009
0.0503 0.0899 0.0242 0.0009
0.0436 0.1026 0.0229 0.0011
0.0677 0.0914 0.0239 0.0011
0.0447 0.1247 0.039 0.0024
0.0385 0.0938 0.0325 0.0011
0.046 0.0994 0.0251 0.001
0.0474 0.1195 0.0593 0.0037
0.0439 0.0938 0.0436 0.001
0.0538 0.0989 0.0222 0.001
0.0698 0.1181 0.0363 0.0009
0.0503 0.0928 0.0213 0.001
0.0295 0.1135 0.0221 0.0009
0.0494 0.1129 0.0232 0.0009
0.0441 0.0942 0.0288 0.0014
0.0774 0.0901 0.0277 0.0063
0.051 0.0944 0.0306 0.001
0.0301 0.1121 0.0292 0.0009
0.0517 0.1141 0.0308 0.0009
0.0533 0.1014 0.0316 0.002
0.0237 0.0841 0.0251 0.001
0.0548 0.1199 0.034 0.0069
0.0319 0.0916 0.0337 0.0281
0.0403 0.1328 0.0447 0.0012
0.0319 0.0862 0.0404 0.001
0.0544 0.089 0.0289 0.001
0.063 0.147 0.0438 0.0012
0.0345 0.0935 0.0256 0.001
0.0415 0.1017 0.0262 0.0015
0.0511 0.0864 0.0439 0.0055
0.0473 0.0912 0.0291 0.0057
0.0582 0.1084 0.0399 0.0009
0.0269 0.1381 0.0534 0.0039
0.0339 0.105 0.0352 0.0061
0.0437 0.0865 0.0415 0.0065
0.0463 0.1112 0.0528 0.001
0.0359 0.0985 0.0397 0.001
0.0407 0.0971 0.0267 0.001
0.0606 0.103 0.034 0.001
0.0444 0.0935 0.0394 0.0664
0.0276 0.1074 0.0383 0.001
0.0379 0.0812 0.0238 0.009
0.0573 0.1036 0.0396 0.0042
0.0783 0.1111 0.0297 0.0027
0.0342 0.0936 0.0266 0.0049
0.0558 0.1271 0.0411 0.0009
0.034 0.1254 0.0332 0.0043
0.0498 0.0875 0.0598 0.0011
0.0573 0.086 0.0236 0.0094
0.0644 0.1125 0.0468 0.0023
0.0416 0.1275 0.0231 0.001
0.034 0.2335 0.0397 0.0017
0.0363 0.089 0.0411 0.001
0.0556 0.1114 0.0305 0.001
0.0634 0.1 0.0552 0.0051
0.0445 0.1196 0.038 0.0009
0.0366 0.0981 0.0289 0.0103
0.0606 0.0984 0.0289 0.0011
0.0565 0.096 0.0232 0.0056
0.0602 0.076 0.0311 0.001
0.0268 0.0904 0.0272 0.0018
0.0292 0.0783 0.0228 0.001
0.0376 0.0816 0.0325 0.0019
0.0559 0.0831 0.0316 0.0019
0.0658 0.1101 0.0495 0.0009
0.0478 0.0917 0.0263 0.0005
0.0402 0.0768 0.0229 0.0008
0.0841 0.0727 0.0245 0.0006
0.037 0.0785 0.0242 0.0007
0.0362 0.0803 0.0226 0.0012
0.0366 0.1026 0.0251 0.0005
0.0572 0.0739 0.0238 0.001
0.0511 0.1222 0.0242 0.0009
0.0372 0.0754 0.0305 0.0006
0.0304 0.0774 0.0495 0.0005
0.0337 0.135 0.0363 0.0011
0.0287 0.0731 0.0251 0.0007
0.0439 0.0756 0.0253 0.0008
0.0409 0.138 0.0249 0.0006
0.0321 0.0808 0.0228 0.0006
0.0319 0.0884 0.0244 0.0006
0.0651 0.0851 0.0267 0.0006
0.0284 0.0772 0.0267 0.0006
0.0393 0.2169 0.0242 0.0005
0.0298 0.0713 0.0238 0.0006
0.0269 0.08 0.0223 0.0005
0.0504 0.0853 0.0412 0.0006
0.033 0.0852 0.0228 0.0006
0.0369 0.0861 0.0257 0.0006
